{
  "height": 38,
  "width": 140,
  "x": 322.8835144042969,
  "y": 250.85226440429688
}