{
  "height": 38,
  "width": 1371,
  "x": 266.7897644042969,
  "y": 725.7244262695312
}